
avango.gua.make_rot_mat(20, 1, 0, 0)
(1.000 0.000 0.000 0.000
 0.000 0.940 -0.342 0.000
 0.000 0.342 0.940 0.000
 0.000 0.000 0.000 1.000)



avango.gua.make_rot_mat(20, 0, 1, 0)
(0.940 0.000 0.342 0.000
 0.000 1.000 0.000 0.000
 -0.342 0.000 0.940 0.000
 0.000 0.000 0.000 1.000)


avango.gua.make_rot_mat(20, 0, 0, 1)
0.940 -0.342 0.000 0.000
 0.342 0.940 0.000 0.000
 0.000 0.000 1.000 0.000
 0.000 0.000 0.000 1.000)




